20
0.00 1.32 1.20 1.49 0.71 1.03 0.51 0.61 1.03 0.46 0.95 0.61 1.54 0.79 0.78 0.72 1.01 1.39 0.91 0.94
1.32 0.00 0.48 1.32 1.19 0.82 1.04 1.23 0.94 1.33 0.72 0.59 0.77 1.32 1.57 0.98 0.59 0.39 1.12 0.68
1.20 0.48 0.00 1.06 1.06 0.39 1.48 0.98 0.38 1.52 0.97 0.48 0.62 1.08 1.03 1.47 0.47 0.45 0.60 1.21
1.49 1.32 1.06 0.00 1.25 1.36 1.59 1.23 0.73 1.10 0.89 1.47 0.87 0.59 0.85 1.26 1.37 1.21 1.08 1.03
0.71 1.19 1.06 1.25 0.00 0.74 1.24 0.79 0.92 1.16 1.18 1.08 0.68 0.48 1.27 1.29 0.58 1.31 1.20 0.88
1.03 0.82 0.39 1.36 0.74 0.00 1.26 1.29 1.00 1.69 1.26 0.72 0.75 1.25 0.98 1.29 0.54 0.53 0.88 1.27
0.51 1.04 1.48 1.59 1.24 1.26 0.00 0.79 1.49 0.48 1.07 0.86 1.63 1.36 0.80 0.41 1.31 1.31 0.95 1.18
0.61 1.23 0.98 1.23 0.79 1.29 0.79 0.00 0.48 0.52 0.96 0.83 1.02 0.91 0.94 1.35 0.99 1.42 0.70 1.29
1.03 0.94 0.38 0.73 0.92 1.00 1.49 0.48 0.00 0.89 1.16 0.53 0.88 0.75 0.86 1.44 0.92 1.09 0.48 1.32
0.46 1.33 1.52 1.10 1.16 1.69 0.48 0.52 0.89 0.00 1.16 0.71 1.67 1.01 0.70 0.44 1.53 1.49 0.77 0.99
0.95 0.72 0.97 0.89 1.18 1.26 1.07 0.96 1.16 1.16 0.00 1.27 0.75 0.86 1.57 1.35 0.79 0.81 1.57 0.37
0.61 0.59 0.48 1.47 1.08 0.72 0.86 0.83 0.53 0.71 1.27 0.00 1.41 1.29 0.89 0.72 0.93 0.79 0.54 1.13
1.54 0.77 0.62 0.87 0.68 0.75 1.63 1.02 0.88 1.67 0.75 1.41 0.00 0.75 1.35 1.64 0.26 0.54 1.07 0.77
0.79 1.32 1.08 0.59 0.48 1.25 1.36 0.91 0.75 1.01 0.86 1.29 0.75 0.00 0.90 1.20 0.71 1.45 0.99 0.81
0.78 1.57 1.03 0.85 1.27 0.98 0.80 0.94 0.86 0.70 1.57 0.89 1.35 0.90 0.00 0.67 1.22 1.23 0.21 1.64
0.72 0.98 1.47 1.26 1.29 1.29 0.41 1.35 1.44 0.44 1.35 0.72 1.64 1.20 0.67 0.00 1.33 1.05 0.84 0.87
1.01 0.59 0.47 1.37 0.58 0.54 1.31 0.99 0.92 1.53 0.79 0.93 0.26 0.71 1.22 1.33 0.00 0.48 0.86 0.72
1.39 0.39 0.45 1.21 1.31 0.53 1.31 1.42 1.09 1.49 0.81 0.79 0.54 1.45 1.23 1.05 0.48 0.00 0.94 0.67
0.91 1.12 0.60 1.08 1.20 0.88 0.95 0.70 0.48 0.77 1.57 0.54 1.07 0.99 0.21 0.84 0.86 0.94 0.00 1.61
0.94 0.68 1.21 1.03 0.88 1.27 1.18 1.29 1.32 0.99 0.37 1.13 0.77 0.81 1.64 0.87 0.72 0.67 1.61 0.00
