0.0000 0.6308 0.4854 0.6444 0.3128 0.5785 0.3316 0.2918 0.6067 0.5649
0.6308 0.0000 0.4665 0.4864 0.5649 0.3149 0.6757 0.6506 0.6433 0.5732
0.4854 0.4665 0.0000 0.4718 0.3065 0.3033 0.5533 0.5753 0.4634 0.3013
0.6444 0.4864 0.4718 0.0000 0.5743 0.3368 0.6611 0.6632 0.6360 0.5722
0.3128 0.5649 0.3065 0.5743 0.0000 0.4822 0.4697 0.4780 0.5607 0.4801
0.5785 0.3149 0.3033 0.3368 0.4822 0.0000 0.6255 0.6245 0.5628 0.4623
0.3316 0.6757 0.5533 0.6611 0.4697 0.6255 0.0000 0.4749 0.6423 0.6067
0.2918 0.6506 0.5753 0.6632 0.4780 0.6245 0.4749 0.0000 0.6569 0.6412
0.6067 0.6433 0.4634 0.6360 0.5607 0.5628 0.6423 0.6569 0.0000 0.2929
0.5649 0.5732 0.3013 0.5722 0.4801 0.4623 0.6067 0.6412 0.2929 0.0000
